
// These two patterns, ANDed together with "&"" in the pixelValue function, 
// create a particularly nice and interesting pattern. Make sure to set
// ZIGZAG_SLIT_WIDTH 44 for these wide patterns.

  0,0,0,0,0,0,0,1,1,1,1,1,1,1,1,1,1,1,1,1,1,1,1,1,1,1,1,1,1,1,1,1,1,1,1,1,0,0,0,0,0,0,0,0,
  0,0,0,0,0,0,0,0,1,1,1,1,1,1,1,1,1,1,1,1,1,1,1,1,1,1,1,1,1,1,1,1,1,1,1,0,0,0,0,0,0,0,0,1,
  1,0,0,0,0,0,0,0,0,1,1,1,1,1,1,1,1,1,1,1,1,1,1,1,1,1,1,1,1,1,1,1,1,1,0,0,0,0,0,0,0,0,1,1,
  1,1,0,0,0,0,0,0,0,0,1,1,1,1,1,1,1,1,1,1,1,1,1,1,1,1,1,1,1,1,1,1,1,0,0,0,0,0,0,0,0,1,1,1,
  1,1,1,0,0,0,0,0,0,0,0,1,1,1,1,1,1,1,1,1,1,1,1,1,1,1,1,1,1,1,1,1,0,0,0,0,0,0,0,0,1,1,1,1,
  1,1,1,1,0,0,0,0,0,0,0,0,1,1,1,1,1,1,1,1,1,1,1,1,1,1,1,1,1,1,1,0,0,0,0,0,0,0,0,1,1,1,1,1,
  1,1,1,1,1,0,0,0,0,0,0,0,0,1,1,1,1,1,1,1,1,1,1,1,1,1,1,1,1,1,0,0,0,0,0,0,0,0,1,1,1,1,1,1,
  1,1,1,1,1,1,0,0,0,0,0,0,0,0,1,1,1,1,1,1,1,1,1,1,1,1,1,1,1,0,0,0,0,0,0,0,0,1,1,1,1,1,1,1,
  1,1,1,1,1,1,1,0,0,0,0,0,0,0,0,1,1,1,1,1,1,1,1,1,1,1,1,1,0,0,0,0,0,0,0,0,1,1,1,1,1,1,1,1,
  1,1,1,1,1,1,1,1,0,0,0,0,0,0,0,0,1,1,1,1,1,1,1,1,1,1,1,0,0,0,0,0,0,0,0,1,1,1,1,1,1,1,1,1,
  1,1,1,1,1,1,1,1,1,0,0,0,0,0,0,0,0,1,1,1,1,1,1,1,1,1,0,0,0,0,0,0,0,0,1,1,1,1,1,1,1,1,1,1,
  1,1,1,1,1,1,1,1,1,1,0,0,0,0,0,0,0,0,1,1,1,1,1,1,1,0,0,0,0,0,0,0,0,1,1,1,1,1,1,1,1,1,1,1,
  1,1,1,1,1,1,1,1,1,1,1,0,0,0,0,0,0,0,0,1,1,1,1,1,0,0,0,0,0,0,0,0,1,1,1,1,1,1,1,1,1,1,1,1,
  1,1,1,1,1,1,1,1,1,1,1,1,0,0,0,0,0,0,0,0,1,1,1,0,0,0,0,0,0,0,0,1,1,1,1,1,1,1,1,1,1,1,1,1,
  1,1,1,1,1,1,1,1,1,1,1,1,1,0,0,0,0,0,0,0,0,1,0,0,0,0,0,0,0,0,1,1,1,1,1,1,1,1,1,1,1,1,1,1,
  1,1,1,1,1,1,1,1,1,1,1,1,1,1,0,0,0,0,0,0,0,0,0,0,0,0,0,0,0,1,1,1,1,1,1,1,1,1,1,1,1,1,1,1,
  1,1,1,1,1,1,1,1,1,1,1,1,1,1,1,0,0,0,0,0,0,0,0,0,0,0,0,0,1,1,1,1,1,1,1,1,1,1,1,1,1,1,1,1,
  1,1,1,1,1,1,1,1,1,1,1,1,1,1,1,1,0,0,0,0,0,0,0,0,0,0,0,1,1,1,1,1,1,1,1,1,1,1,1,1,1,1,1,1,
  1,1,1,1,1,1,1,1,1,1,1,1,1,1,1,1,1,0,0,0,0,0,0,0,0,0,1,1,1,1,1,1,1,1,1,1,1,1,1,1,1,1,1,1,
  1,1,1,1,1,1,1,1,1,1,1,1,1,1,1,1,1,1,0,0,0,0,0,0,0,1,1,1,1,1,1,1,1,1,1,1,1,1,1,1,1,1,1,1,
  1,1,1,1,1,1,1,1,1,1,1,1,1,1,1,1,1,1,1,0,0,0,0,0,1,1,1,1,1,1,1,1,1,1,1,1,1,1,1,1,1,1,1,1,
  1,1,1,1,1,1,1,1,1,1,1,1,1,1,1,1,1,1,1,1,0,0,0,1,1,1,1,1,1,1,1,1,1,1,1,1,1,1,1,1,1,1,1,1,
  1,1,1,1,1,1,1,1,1,1,1,1,1,1,1,1,1,1,1,1,1,0,1,1,1,1,1,1,1,1,1,1,1,1,1,1,1,1,1,1,1,1,1,1,

  1,1,1,1,1,1,1,1,1,1,0,0,0,0,0,0,0,1,1,1,1,1,1,1,1,1,1,1,1,0,0,0,0,0,0,0,1,1,1,1,1,1,1,1,
  1,1,1,1,1,1,1,1,1,0,0,0,0,0,0,0,1,1,1,1,1,1,1,1,1,1,1,1,0,0,0,0,0,0,0,1,1,1,1,1,1,1,1,1,
  1,1,1,1,1,1,1,1,0,0,0,0,0,0,0,1,1,1,1,1,1,1,1,1,1,1,1,0,0,0,0,0,0,0,1,1,1,1,1,1,1,1,1,1,
  1,1,1,1,1,1,1,0,0,0,0,0,0,0,1,1,1,1,1,1,1,1,1,1,1,1,0,0,0,0,0,0,0,1,1,1,1,1,1,1,1,1,1,1,
  1,1,1,1,1,1,0,0,0,0,0,0,0,1,1,1,1,1,1,1,1,1,1,1,1,0,0,0,0,0,0,0,1,1,1,1,1,1,1,1,1,1,1,1,
  1,1,1,1,1,0,0,0,0,0,0,0,1,1,1,1,1,1,1,1,1,1,1,1,0,0,0,0,0,0,0,1,1,1,1,1,1,1,1,1,1,1,1,0,
  1,1,1,1,0,0,0,0,0,0,0,1,1,1,1,1,1,1,1,1,1,1,1,0,0,0,0,0,0,0,1,1,1,1,1,1,1,1,1,1,1,1,0,0,
  1,1,1,0,0,0,0,0,0,0,1,1,1,1,1,1,1,1,1,1,1,1,0,0,0,0,0,0,0,1,1,1,1,1,1,1,1,1,1,1,1,0,0,0,
  1,1,0,0,0,0,0,0,0,1,1,1,1,1,1,1,1,1,1,1,1,0,0,0,0,0,0,0,1,1,1,1,1,1,1,1,1,1,1,1,0,0,0,0,
  1,0,0,0,0,0,0,0,1,1,1,1,1,1,1,1,1,1,1,1,0,0,0,0,0,0,0,1,1,1,1,1,1,1,1,1,1,1,1,0,0,0,0,0,
  0,0,0,0,0,0,0,1,1,1,1,1,1,1,1,1,1,1,1,0,0,0,0,0,0,0,1,1,1,1,1,1,1,1,1,1,1,1,0,0,0,0,0,0,
  0,0,0,0,0,0,1,1,1,1,1,1,1,1,1,1,1,1,0,0,0,0,0,0,0,1,1,1,1,1,1,1,1,1,1,1,1,0,0,0,0,0,0,0,
  0,0,0,0,0,1,1,1,1,1,1,1,1,1,1,1,1,0,0,0,0,0,0,0,1,1,1,1,1,1,1,1,1,1,1,1,0,0,0,0,0,0,0,1,
  0,0,0,0,1,1,1,1,1,1,1,1,1,1,1,1,0,0,0,0,0,0,0,1,1,1,1,1,1,1,1,1,1,1,1,0,0,0,0,0,0,0,1,1,
  0,0,0,1,1,1,1,1,1,1,1,1,1,1,1,0,0,0,0,0,0,0,1,1,1,1,1,1,1,1,1,1,1,1,0,0,0,0,0,0,0,1,1,1,
  0,0,1,1,1,1,1,1,1,1,1,1,1,1,0,0,0,0,0,0,0,1,1,1,1,1,1,1,1,1,1,1,1,0,0,0,0,0,0,0,1,1,1,1,
  0,1,1,1,1,1,1,1,1,1,1,1,1,0,0,0,0,0,0,0,1,1,1,1,1,1,1,1,1,1,1,1,0,0,0,0,0,0,0,1,1,1,1,1,
  1,1,1,1,1,1,1,1,1,1,1,1,0,0,0,0,0,0,0,1,1,1,1,1,1,1,1,1,1,1,1,0,0,0,0,0,0,0,1,1,1,1,1,1,
  1,1,1,1,1,1,1,1,1,1,1,0,0,0,0,0,0,0,1,1,1,1,1,1,1,1,1,1,1,1,0,0,0,0,0,0,0,1,1,1,1,1,1,1,

// Alternate version of the previous one, but with the stripes correctly spaced for
// wrapping around evenly. The pattern output is slightly less interesting this way,
// the imperfections of the previous one are kind of cool.

  1,1,1,1,1,1,1,1,1,1,1,1,0,0,0,0,0,0,0,1,1,1,1,1,1,1,1,1,1,1,1,1,1,1,0,0,0,0,0,0,0,1,1,1,
  1,1,1,1,1,1,1,1,1,1,1,0,0,0,0,0,0,0,1,1,1,1,1,1,1,1,1,1,1,1,1,1,1,0,0,0,0,0,0,0,1,1,1,1,
  1,1,1,1,1,1,1,1,1,1,0,0,0,0,0,0,0,1,1,1,1,1,1,1,1,1,1,1,1,1,1,1,0,0,0,0,0,0,0,1,1,1,1,1,
  1,1,1,1,1,1,1,1,1,0,0,0,0,0,0,0,1,1,1,1,1,1,1,1,1,1,1,1,1,1,1,0,0,0,0,0,0,0,1,1,1,1,1,1,
  1,1,1,1,1,1,1,1,0,0,0,0,0,0,0,1,1,1,1,1,1,1,1,1,1,1,1,1,1,1,0,0,0,0,0,0,0,1,1,1,1,1,1,1,
  1,1,1,1,1,1,1,0,0,0,0,0,0,0,1,1,1,1,1,1,1,1,1,1,1,1,1,1,1,0,0,0,0,0,0,0,1,1,1,1,1,1,1,1,
  1,1,1,1,1,1,0,0,0,0,0,0,0,1,1,1,1,1,1,1,1,1,1,1,1,1,1,1,0,0,0,0,0,0,0,1,1,1,1,1,1,1,1,1,
  1,1,1,1,1,0,0,0,0,0,0,0,1,1,1,1,1,1,1,1,1,1,1,1,1,1,1,0,0,0,0,0,0,0,1,1,1,1,1,1,1,1,1,1,
  1,1,1,1,0,0,0,0,0,0,0,1,1,1,1,1,1,1,1,1,1,1,1,1,1,1,0,0,0,0,0,0,0,1,1,1,1,1,1,1,1,1,1,1,
  1,1,1,0,0,0,0,0,0,0,1,1,1,1,1,1,1,1,1,1,1,1,1,1,1,0,0,0,0,0,0,0,1,1,1,1,1,1,1,1,1,1,1,1,
  1,1,0,0,0,0,0,0,0,1,1,1,1,1,1,1,1,1,1,1,1,1,1,1,0,0,0,0,0,0,0,1,1,1,1,1,1,1,1,1,1,1,1,1,
  1,0,0,0,0,0,0,0,1,1,1,1,1,1,1,1,1,1,1,1,1,1,1,0,0,0,0,0,0,0,1,1,1,1,1,1,1,1,1,1,1,1,1,1,
  0,0,0,0,0,0,0,1,1,1,1,1,1,1,1,1,1,1,1,1,1,1,0,0,0,0,0,0,0,1,1,1,1,1,1,1,1,1,1,1,1,1,1,1,
  0,0,0,0,0,0,1,1,1,1,1,1,1,1,1,1,1,1,1,1,1,0,0,0,0,0,0,0,1,1,1,1,1,1,1,1,1,1,1,1,1,1,1,0,
  0,0,0,0,0,1,1,1,1,1,1,1,1,1,1,1,1,1,1,1,0,0,0,0,0,0,0,1,1,1,1,1,1,1,1,1,1,1,1,1,1,1,0,0,
  0,0,0,0,1,1,1,1,1,1,1,1,1,1,1,1,1,1,1,0,0,0,0,0,0,0,1,1,1,1,1,1,1,1,1,1,1,1,1,1,1,0,0,0,
  0,0,0,1,1,1,1,1,1,1,1,1,1,1,1,1,1,1,0,0,0,0,0,0,0,1,1,1,1,1,1,1,1,1,1,1,1,1,1,1,0,0,0,0,
  0,0,1,1,1,1,1,1,1,1,1,1,1,1,1,1,1,0,0,0,0,0,0,0,1,1,1,1,1,1,1,1,1,1,1,1,1,1,1,0,0,0,0,0,
  0,1,1,1,1,1,1,1,1,1,1,1,1,1,1,1,0,0,0,0,0,0,0,1,1,1,1,1,1,1,1,1,1,1,1,1,1,1,0,0,0,0,0,0,
  1,1,1,1,1,1,1,1,1,1,1,1,1,1,1,0,0,0,0,0,0,0,1,1,1,1,1,1,1,1,1,1,1,1,1,1,1,0,0,0,0,0,0,0,
  1,1,1,1,1,1,1,1,1,1,1,1,1,1,0,0,0,0,0,0,0,1,1,1,1,1,1,1,1,1,1,1,1,1,1,1,0,0,0,0,0,0,0,1,
  1,1,1,1,1,1,1,1,1,1,1,1,1,0,0,0,0,0,0,0,1,1,1,1,1,1,1,1,1,1,1,1,1,1,1,0,0,0,0,0,0,0,1,1,

// These two patterns work best when ORed together with "|" in the pixelValue
// function. Make sure to set ZIGZAG_SLIT_WIDTH 20

  0,0,0,0,0,0,0,0,0,0,0,0,0,0,0,1,1,1,1,0,
  0,0,0,0,0,0,0,0,0,0,0,0,0,0,0,1,1,1,1,0,
  0,0,0,0,0,0,0,0,0,0,0,0,0,0,1,1,1,1,0,0,
  0,0,0,0,0,0,0,0,0,0,0,0,0,0,1,1,1,1,0,0,
  0,0,0,0,0,0,0,0,0,0,0,0,0,1,1,1,1,0,0,0,
  0,0,0,0,0,0,0,0,0,0,0,0,0,1,1,1,1,0,0,0,
  0,0,0,0,0,0,0,0,0,0,0,0,1,1,1,1,0,0,0,0,
  0,0,0,0,0,0,0,0,0,0,0,0,1,1,1,1,0,0,0,0,
  0,0,0,0,0,0,0,0,0,0,0,1,1,1,1,0,0,0,0,0,
  0,0,0,0,0,0,0,0,0,0,0,1,1,1,1,0,0,0,0,0,
  0,0,0,0,0,0,0,0,0,0,1,1,1,1,0,0,0,0,0,0,
  0,0,0,0,0,0,0,0,0,0,1,1,1,1,0,0,0,0,0,0,
  0,0,0,0,0,0,0,0,0,1,1,1,1,0,0,0,0,0,0,0,
  0,0,0,0,0,0,0,0,0,1,1,1,1,0,0,0,0,0,0,0,
  0,0,0,0,0,0,0,0,1,1,1,1,0,0,0,0,0,0,0,0,
  0,0,0,0,0,0,0,0,1,1,1,1,0,0,0,0,0,0,0,0,
  0,0,0,0,0,0,0,1,1,1,1,0,0,0,0,0,0,0,0,0,
  0,0,0,0,0,0,0,1,1,1,1,0,0,0,0,0,0,0,0,0,
  0,0,0,0,0,0,1,1,1,1,0,0,0,0,0,0,0,0,0,0,
  0,0,0,0,0,0,1,1,1,1,0,0,0,0,0,0,0,0,0,0,
  0,0,0,0,0,1,1,1,1,0,0,0,0,0,0,0,0,0,0,0,
  0,0,0,0,0,1,1,1,1,0,0,0,0,0,0,0,0,0,0,0,
  0,0,0,0,1,1,1,1,0,0,0,0,0,0,0,0,0,0,0,0,
  0,0,0,0,1,1,1,1,0,0,0,0,0,0,0,0,0,0,0,0,
  0,0,0,1,1,1,1,0,0,0,0,0,0,0,0,0,0,0,0,0,
  0,0,0,1,1,1,1,0,0,0,0,0,0,0,0,0,0,0,0,0,
  0,0,1,1,1,1,0,0,0,0,0,0,0,0,0,0,0,0,0,0,
  0,0,1,1,1,1,0,0,0,0,0,0,0,0,0,0,0,0,0,0,
  0,1,1,1,1,0,0,0,0,0,0,0,0,0,0,0,0,0,0,0,
  0,1,1,1,1,0,0,0,0,0,0,0,0,0,0,0,0,0,0,0,
  1,1,1,1,0,0,0,0,0,0,0,0,0,0,0,0,0,0,0,0,
  1,1,1,1,0,0,0,0,0,0,0,0,0,0,0,0,0,0,0,0,
  1,1,1,0,0,0,0,0,0,0,0,0,0,0,0,0,0,0,0,1,
  1,1,1,0,0,0,0,0,0,0,0,0,0,0,0,0,0,0,0,1,
  1,1,0,0,0,0,0,0,0,0,0,0,0,0,0,0,0,0,1,1,
  1,1,0,0,0,0,0,0,0,0,0,0,0,0,0,0,0,0,1,1,
  1,0,0,0,0,0,0,0,0,0,0,0,0,0,0,0,0,1,1,1,
  1,0,0,0,0,0,0,0,0,0,0,0,0,0,0,0,0,1,1,1,
  0,0,0,0,0,0,0,0,0,0,0,0,0,0,0,0,1,1,1,1,
  0,0,0,0,0,0,0,0,0,0,0,0,0,0,0,0,1,1,1,1,

  1,1,1,1,1,0,0,0,0,0,0,0,0,0,0,0,0,0,0,0,
  0,1,1,1,1,1,0,0,0,0,0,0,0,0,0,0,0,0,0,0,
  0,0,1,1,1,1,1,0,0,0,0,0,0,0,0,0,0,0,0,0,
  0,0,0,1,1,1,1,1,0,0,0,0,0,0,0,0,0,0,0,0,
  0,0,0,0,1,1,1,1,1,0,0,0,0,0,0,0,0,0,0,0,
  0,0,0,0,0,1,1,1,1,1,0,0,0,0,0,0,0,0,0,0,
  0,0,0,0,0,0,1,1,1,1,1,0,0,0,0,0,0,0,0,0,
  0,0,0,0,0,0,0,1,1,1,1,1,0,0,0,0,0,0,0,0,
  0,0,0,0,0,0,0,0,1,1,1,1,1,0,0,0,0,0,0,0,
  0,0,0,0,0,0,0,0,0,1,1,1,1,1,0,0,0,0,0,0,
  0,0,0,0,0,0,0,0,0,0,1,1,1,1,1,0,0,0,0,0,
  0,0,0,0,0,0,0,0,0,0,0,1,1,1,1,1,0,0,0,0,
  0,0,0,0,0,0,0,0,0,0,0,0,1,1,1,1,1,0,0,0,
  0,0,0,0,0,0,0,0,0,0,0,0,0,1,1,1,1,1,0,0,
  0,0,0,0,0,0,0,0,0,0,0,0,0,0,1,1,1,1,1,0,
  0,0,0,0,0,0,0,0,0,0,0,0,0,0,0,1,1,1,1,1,
  1,0,0,0,0,0,0,0,0,0,0,0,0,0,0,0,1,1,1,1,
  1,1,0,0,0,0,0,0,0,0,0,0,0,0,0,0,0,1,1,1,
  1,1,1,0,0,0,0,0,0,0,0,0,0,0,0,0,0,0,1,1,
  1,1,1,1,0,0,0,0,0,0,0,0,0,0,0,0,0,0,0,1,


// Another pair of patterns which work well with ORing ("|") in the
// pixelValue function. These resemble the simple repeating pattern
// used for a lot of the conversation sequence.

  1,1,1,1,0,0,0,0,0,0,0,0,0,0,0,0,0,0,0,0,
  0,1,1,1,1,0,0,0,0,0,0,0,0,0,0,0,0,0,0,0,
  0,0,1,1,1,1,0,0,0,0,0,0,0,0,0,0,0,0,0,0,
  0,0,0,1,1,1,1,0,0,0,0,0,0,0,0,0,0,0,0,0,
  0,0,0,0,1,1,1,1,0,0,0,0,0,0,0,0,0,0,0,0,
  0,0,0,0,0,1,1,1,1,0,0,0,0,0,0,0,0,0,0,0,
  0,0,0,0,0,0,1,1,1,1,0,0,0,0,0,0,0,0,0,0,
  0,0,0,0,0,0,0,1,1,1,1,0,0,0,0,0,0,0,0,0,
  0,0,0,0,0,0,0,0,1,1,1,1,0,0,0,0,0,0,0,0,
  0,0,0,0,0,0,0,0,0,1,1,1,1,0,0,0,0,0,0,0,
  0,0,0,0,0,0,0,0,0,0,1,1,1,1,0,0,0,0,0,0,
  0,0,0,0,0,0,0,0,0,0,0,1,1,1,1,0,0,0,0,0,
  0,0,0,0,0,0,0,0,0,0,0,0,1,1,1,1,0,0,0,0,
  0,0,0,0,0,0,0,0,0,0,0,0,0,1,1,1,1,0,0,0,
  0,0,0,0,0,0,0,0,0,0,0,0,0,0,1,1,1,1,0,0,
  0,0,0,0,0,0,0,0,0,0,0,0,0,0,0,1,1,1,1,0,
  0,0,0,0,0,0,0,0,0,0,0,0,0,0,0,0,1,1,1,1,
  1,0,0,0,0,0,0,0,0,0,0,0,0,0,0,0,0,1,1,1,
  1,1,0,0,0,0,0,0,0,0,0,0,0,0,0,0,0,0,1,1,
  1,1,1,0,0,0,0,0,0,0,0,0,0,0,0,0,0,0,0,1,

  1,1,0,0,0,0,0,0,0,0,0,0,0,0,0,0,0,0,0,1,
  1,0,0,0,0,0,0,0,0,0,0,0,0,0,0,0,0,0,1,1,
  0,0,0,0,0,0,0,0,0,0,0,0,0,0,0,0,0,1,1,1,
  0,0,0,0,0,0,0,0,0,0,0,0,0,0,0,0,1,1,1,0,
  0,0,0,0,0,0,0,0,0,0,0,0,0,0,0,1,1,1,0,0,
  0,0,0,0,0,0,0,0,0,0,0,0,0,0,1,1,1,0,0,0,
  0,0,0,0,0,0,0,0,0,0,0,0,0,1,1,1,0,0,0,0,
  0,0,0,0,0,0,0,0,0,0,0,0,1,1,1,0,0,0,0,0,
  0,0,0,0,0,0,0,0,0,0,0,1,1,1,0,0,0,0,0,0,
  0,0,0,0,0,0,0,0,0,0,1,1,1,0,0,0,0,0,0,0,
  0,0,0,0,0,0,0,0,0,1,1,1,0,0,0,0,0,0,0,0,
  0,0,0,0,0,0,0,0,1,1,1,0,0,0,0,0,0,0,0,0,
  0,0,0,0,0,0,0,1,1,1,0,0,0,0,0,0,0,0,0,0,
  0,0,0,0,0,0,1,1,1,0,0,0,0,0,0,0,0,0,0,0,
  0,0,0,0,0,1,1,1,0,0,0,0,0,0,0,0,0,0,0,0,
  0,0,0,0,1,1,1,0,0,0,0,0,0,0,0,0,0,0,0,0,
  0,0,0,1,1,1,0,0,0,0,0,0,0,0,0,0,0,0,0,0,
  0,0,1,1,1,0,0,0,0,0,0,0,0,0,0,0,0,0,0,0,
  0,1,1,1,0,0,0,0,0,0,0,0,0,0,0,0,0,0,0,0,
  1,1,1,0,0,0,0,0,0,0,0,0,0,0,0,0,0,0,0,0,

// More patterns intended to be ANDed together with & in the pixelValue
// function. Make sure to set ZIGZAG_SLIT_WIDTH 20

  0,0,0,0,1,1,1,1,1,0,0,0,0,0,1,1,1,1,1,0,
  0,0,0,1,1,1,1,1,0,0,0,0,0,1,1,1,1,1,0,0,
  0,0,1,1,1,1,1,0,0,0,0,0,1,1,1,1,1,0,0,0,
  0,1,1,1,1,1,0,0,0,0,0,1,1,1,1,1,0,0,0,0,
  1,1,1,1,1,0,0,0,0,0,1,1,1,1,1,0,0,0,0,0,
  1,1,1,1,0,0,0,0,0,1,1,1,1,1,0,0,0,0,0,1,
  1,1,1,0,0,0,0,0,1,1,1,1,1,0,0,0,0,0,1,1,
  1,1,0,0,0,0,0,1,1,1,1,1,0,0,0,0,0,1,1,1,
  1,0,0,0,0,0,1,1,1,1,1,0,0,0,0,0,1,1,1,1,
  0,0,0,0,0,1,1,1,1,1,0,0,0,0,0,1,1,1,1,1,
  0,0,0,0,1,1,1,1,1,0,0,0,0,0,1,1,1,1,1,0,
  0,0,0,1,1,1,1,1,0,0,0,0,0,1,1,1,1,1,0,0,
  0,0,1,1,1,1,1,0,0,0,0,0,1,1,1,1,1,0,0,0,
  0,1,1,1,1,1,0,0,0,0,0,1,1,1,1,1,0,0,0,0,
  1,1,1,1,1,0,0,0,0,0,1,1,1,1,1,0,0,0,0,0,
  1,1,1,1,0,0,0,0,0,1,1,1,1,1,0,0,0,0,0,1,
  1,1,1,0,0,0,0,0,1,1,1,1,1,0,0,0,0,0,1,1,
  1,1,0,0,0,0,0,1,1,1,1,1,0,0,0,0,0,1,1,1,
  1,0,0,0,0,0,1,1,1,1,1,0,0,0,0,0,1,1,1,1,
  0,0,0,0,0,1,1,1,1,1,0,0,0,0,0,1,1,1,1,1,

  0,0,0,1,1,1,1,1,1,0,0,0,0,1,1,1,1,1,1,0,
  0,0,1,1,1,1,1,1,0,0,0,0,1,1,1,1,1,1,0,0,
  0,1,1,1,1,1,1,0,0,0,0,1,1,1,1,1,1,0,0,0,
  1,1,1,1,1,1,0,0,0,0,1,1,1,1,1,1,0,0,0,0,
  1,1,1,1,1,0,0,0,0,1,1,1,1,1,1,0,0,0,0,1,
  1,1,1,1,0,0,0,0,1,1,1,1,1,1,0,0,0,0,1,1,
  1,1,1,0,0,0,0,1,1,1,1,1,1,0,0,0,0,1,1,1,
  1,1,0,0,0,0,1,1,1,1,1,1,0,0,0,0,1,1,1,1,
  1,0,0,0,0,1,1,1,1,1,1,0,0,0,0,1,1,1,1,1,
  0,0,0,0,1,1,1,1,1,1,0,0,0,0,1,1,1,1,1,1,
  0,0,0,1,1,1,1,1,1,0,0,0,0,1,1,1,1,1,1,0,
  0,0,1,1,1,1,1,1,0,0,0,0,1,1,1,1,1,1,0,0,
  0,1,1,1,1,1,1,0,0,0,0,1,1,1,1,1,1,0,0,0,
  1,1,1,1,1,1,0,0,0,0,1,1,1,1,1,1,0,0,0,0,
  1,1,1,1,1,0,0,0,0,1,1,1,1,1,1,0,0,0,0,1,
  1,1,1,1,0,0,0,0,1,1,1,1,1,1,0,0,0,0,1,1,
  1,1,1,0,0,0,0,1,1,1,1,1,1,0,0,0,0,1,1,1,
  1,1,0,0,0,0,1,1,1,1,1,1,0,0,0,0,1,1,1,1,
  1,0,0,0,0,1,1,1,1,1,1,0,0,0,0,1,1,1,1,1,
  0,0,0,0,1,1,1,1,1,1,0,0,0,0,1,1,1,1,1,1,

  0,0,0,0,0,0,1,1,1,1,0,0,0,0,0,0,1,1,1,1,
  1,0,0,0,0,0,0,1,1,1,1,0,0,0,0,0,0,1,1,1,
  1,1,0,0,0,0,0,0,1,1,1,1,0,0,0,0,0,0,1,1,
  1,1,1,0,0,0,0,0,0,1,1,1,1,0,0,0,0,0,0,1,
  1,1,1,1,0,0,0,0,0,0,1,1,1,1,0,0,0,0,0,0,
  0,1,1,1,1,0,0,0,0,0,0,1,1,1,1,0,0,0,0,0,
  0,0,1,1,1,1,0,0,0,0,0,0,1,1,1,1,0,0,0,0,
  0,0,0,1,1,1,1,0,0,0,0,0,0,1,1,1,1,0,0,0,
  0,0,0,0,1,1,1,1,0,0,0,0,0,0,1,1,1,1,0,0,
  0,0,0,0,0,1,1,1,1,0,0,0,0,0,0,1,1,1,1,0,
  0,0,0,0,0,0,1,1,1,1,0,0,0,0,0,0,1,1,1,1,
  1,0,0,0,0,0,0,1,1,1,1,0,0,0,0,0,0,1,1,1,
  1,1,0,0,0,0,0,0,1,1,1,1,0,0,0,0,0,0,1,1,
  1,1,1,0,0,0,0,0,0,1,1,1,1,0,0,0,0,0,0,1,
  1,1,1,1,0,0,0,0,0,0,1,1,1,1,0,0,0,0,0,0,
  0,1,1,1,1,0,0,0,0,0,0,1,1,1,1,0,0,0,0,0,
  0,0,1,1,1,1,0,0,0,0,0,0,1,1,1,1,0,0,0,0,
  0,0,0,1,1,1,1,0,0,0,0,0,0,1,1,1,1,0,0,0,
  0,0,0,0,1,1,1,1,0,0,0,0,0,0,1,1,1,1,0,0,
  0,0,0,0,0,1,1,1,1,0,0,0,0,0,0,1,1,1,1,0,

  0,0,0,0,1,1,1,1,1,1,0,0,0,0,1,1,1,1,1,1,
  1,0,0,0,0,1,1,1,1,1,1,0,0,0,0,1,1,1,1,1,
  1,1,0,0,0,0,1,1,1,1,1,1,0,0,0,0,1,1,1,1,
  1,1,1,0,0,0,0,1,1,1,1,1,1,0,0,0,0,1,1,1,
  1,1,1,1,0,0,0,0,1,1,1,1,1,1,0,0,0,0,1,1,
  1,1,1,1,1,0,0,0,0,1,1,1,1,1,1,0,0,0,0,1,
  1,1,1,1,1,1,0,0,0,0,1,1,1,1,1,1,0,0,0,0,
  0,1,1,1,1,1,1,0,0,0,0,1,1,1,1,1,1,0,0,0,
  0,0,1,1,1,1,1,1,0,0,0,0,1,1,1,1,1,1,0,0,
  0,0,0,1,1,1,1,1,1,0,0,0,0,1,1,1,1,1,1,0,
  0,0,0,0,1,1,1,1,1,1,0,0,0,0,1,1,1,1,1,1,
  1,0,0,0,0,1,1,1,1,1,1,0,0,0,0,1,1,1,1,1,
  1,1,0,0,0,0,1,1,1,1,1,1,0,0,0,0,1,1,1,1,
  1,1,1,0,0,0,0,1,1,1,1,1,1,0,0,0,0,1,1,1,
  1,1,1,1,0,0,0,0,1,1,1,1,1,1,0,0,0,0,1,1,
  1,1,1,1,1,0,0,0,0,1,1,1,1,1,1,0,0,0,0,1,
  1,1,1,1,1,1,0,0,0,0,1,1,1,1,1,1,0,0,0,0,
  0,1,1,1,1,1,1,0,0,0,0,1,1,1,1,1,1,0,0,0,
  0,0,1,1,1,1,1,1,0,0,0,0,1,1,1,1,1,1,0,0,
  0,0,0,1,1,1,1,1,1,0,0,0,0,1,1,1,1,1,1,0,

  0,0,0,1,1,1,1,1,1,0,0,0,0,1,1,1,1,1,1,0,
  0,0,0,0,1,1,1,1,1,1,0,0,1,1,1,1,1,1,0,0,
  1,0,0,0,0,1,1,1,1,1,1,1,1,1,1,1,1,0,0,0,
  1,1,0,0,0,0,1,1,1,1,1,1,1,1,1,1,0,0,0,0,
  1,1,1,0,0,0,0,1,1,1,1,1,1,1,1,0,0,0,0,1,
  1,1,1,1,0,0,0,0,1,1,1,1,1,1,0,0,0,0,1,1,
  1,1,1,1,1,0,0,0,0,1,1,1,1,0,0,0,0,1,1,1,
  1,1,1,1,1,1,0,0,0,0,1,1,0,0,0,0,1,1,1,1,
  0,1,1,1,1,1,1,0,0,0,0,0,0,0,0,1,1,1,1,1,
  0,0,1,1,1,1,1,1,0,0,0,0,0,0,1,1,1,1,1,1,

  0,0,0,1,1,1,1,1,1,0,0,0,0,1,1,1,1,1,1,0,
  0,0,1,1,1,1,1,1,0,0,0,0,1,1,1,1,1,1,0,0,
  0,1,1,1,1,1,1,0,0,0,0,1,1,1,1,1,1,0,0,0,
  1,1,1,1,1,1,0,0,0,0,1,1,1,1,1,1,0,0,0,0,
  1,1,1,1,1,0,0,0,0,1,1,1,1,1,1,0,0,0,0,1,
  1,1,1,1,0,0,0,0,1,1,1,1,1,1,0,0,0,0,1,1,
  1,1,1,0,0,0,0,1,1,1,1,1,1,0,0,0,0,1,1,1,
  1,1,0,0,0,0,1,1,1,1,1,1,0,0,0,0,1,1,1,1,
  1,0,0,0,0,1,1,1,1,1,1,0,0,0,0,1,1,1,1,1,
  0,0,0,0,1,1,1,1,1,1,0,0,0,0,1,1,1,1,1,1,
  0,0,0,1,1,1,1,1,1,0,0,0,0,1,1,1,1,1,1,0,
  0,0,0,0,1,1,1,1,1,1,0,0,0,0,1,1,1,1,1,1,
  1,0,0,0,0,1,1,1,1,1,1,0,0,0,0,1,1,1,1,1,
  1,1,0,0,0,0,1,1,1,1,1,1,0,0,0,0,1,1,1,1,
  1,1,1,0,0,0,0,1,1,1,1,1,1,0,0,0,0,1,1,1,
  1,1,1,1,0,0,0,0,1,1,1,1,1,1,0,0,0,0,1,1,
  1,1,1,1,1,0,0,0,0,1,1,1,1,1,1,0,0,0,0,1,
  1,1,1,1,1,1,0,0,0,0,1,1,1,1,1,1,0,0,0,0,
  0,1,1,1,1,1,1,0,0,0,0,1,1,1,1,1,1,0,0,0,
  0,0,1,1,1,1,1,1,0,0,0,0,1,1,1,1,1,1,0,0,
  0,0,0,1,1,1,1,1,1,0,0,0,0,1,1,1,1,1,1,0,
  0,0,0,0,1,1,1,1,1,1,0,0,0,0,1,1,1,1,1,1,

  1,1,1,1,1,1,1,1,1,1,1,1,1,1,1,0,0,0,0,0,
  1,1,1,1,1,1,1,1,1,1,1,1,1,1,1,0,0,0,0,0,
  1,1,1,1,1,1,1,1,1,1,1,1,1,1,0,0,0,0,0,1,
  1,1,1,1,1,1,1,1,1,1,1,1,1,1,0,0,0,0,0,1,
  1,1,1,1,1,1,1,1,1,1,1,1,1,0,0,0,0,0,1,1,
  1,1,1,1,1,1,1,1,1,1,1,1,1,0,0,0,0,0,1,1,
  1,1,1,1,1,1,1,1,1,1,1,1,0,0,0,0,0,1,1,1,
  1,1,1,1,1,1,1,1,1,1,1,1,0,0,0,0,0,1,1,1,
  1,1,1,1,1,1,1,1,1,1,1,0,0,0,0,0,1,1,1,1,
  1,1,1,1,1,1,1,1,1,1,1,0,0,0,0,0,1,1,1,1,
  1,1,1,1,1,1,1,1,1,1,0,0,0,0,0,1,1,1,1,1,
  1,1,1,1,1,1,1,1,1,1,0,0,0,0,0,1,1,1,1,1,
  1,1,1,1,1,1,1,1,1,0,0,0,0,0,1,1,1,1,1,1,
  1,1,1,1,1,1,1,1,1,0,0,0,0,0,1,1,1,1,1,1,
  1,1,1,1,1,1,1,1,0,0,0,0,0,1,1,1,1,1,1,1,
  1,1,1,1,1,1,1,1,0,0,0,0,0,1,1,1,1,1,1,1,
  1,1,1,1,1,1,1,0,0,0,0,0,1,1,1,1,1,1,1,1,
  1,1,1,1,1,1,1,0,0,0,0,0,1,1,1,1,1,1,1,1,
  1,1,1,1,1,1,0,0,0,0,0,1,1,1,1,1,1,1,1,1,
  1,1,1,1,1,1,0,0,0,0,0,1,1,1,1,1,1,1,1,1,
  1,1,1,1,1,0,0,0,0,0,1,1,1,1,1,1,1,1,1,1,
  1,1,1,1,1,0,0,0,0,0,1,1,1,1,1,1,1,1,1,1,
  1,1,1,1,0,0,0,0,0,1,1,1,1,1,1,1,1,1,1,1,
  1,1,1,1,0,0,0,0,0,1,1,1,1,1,1,1,1,1,1,1,
  1,1,1,0,0,0,0,0,1,1,1,1,1,1,1,1,1,1,1,1,
  1,1,1,0,0,0,0,0,1,1,1,1,1,1,1,1,1,1,1,1,
  1,1,0,0,0,0,0,1,1,1,1,1,1,1,1,1,1,1,1,1,
  1,1,0,0,0,0,0,1,1,1,1,1,1,1,1,1,1,1,1,1,
  1,0,0,0,0,0,1,1,1,1,1,1,1,1,1,1,1,1,1,1,
  1,0,0,0,0,0,1,1,1,1,1,1,1,1,1,1,1,1,1,1,
  0,0,0,0,0,1,1,1,1,1,1,1,1,1,1,1,1,1,1,1,
  0,0,0,0,0,1,1,1,1,1,1,1,1,1,1,1,1,1,1,1,
  0,0,0,0,1,1,1,1,1,1,1,1,1,1,1,1,1,1,1,0,
  0,0,0,0,1,1,1,1,1,1,1,1,1,1,1,1,1,1,1,0,
  0,0,0,1,1,1,1,1,1,1,1,1,1,1,1,1,1,1,0,0,
  0,0,0,1,1,1,1,1,1,1,1,1,1,1,1,1,1,1,0,0,
  0,0,1,1,1,1,1,1,1,1,1,1,1,1,1,1,1,0,0,0,
  0,0,1,1,1,1,1,1,1,1,1,1,1,1,1,1,1,0,0,0,
  0,1,1,1,1,1,1,1,1,1,1,1,1,1,1,1,0,0,0,0,
  0,1,1,1,1,1,1,1,1,1,1,1,1,1,1,1,0,0,0,0,

  1,1,1,1,1,1,1,1,1,1,1,1,1,1,1,0,0,0,0,1,
  1,1,1,1,1,1,1,1,1,1,1,1,1,1,1,0,0,0,0,1,
  1,1,1,1,1,1,1,1,1,1,1,1,1,1,0,0,0,0,1,1,
  1,1,1,1,1,1,1,1,1,1,1,1,1,1,0,0,0,0,1,1,
  1,1,1,1,1,1,1,1,1,1,1,1,1,0,0,0,0,1,1,1,
  1,1,1,1,1,1,1,1,1,1,1,1,1,0,0,0,0,1,1,1,
  1,1,1,1,1,1,1,1,1,1,1,1,0,0,0,0,1,1,1,1,
  1,1,1,1,1,1,1,1,1,1,1,1,0,0,0,0,1,1,1,1,
  1,1,1,1,1,1,1,1,1,1,1,0,0,0,0,1,1,1,1,1,
  1,1,1,1,1,1,1,1,1,1,1,0,0,0,0,1,1,1,1,1,
  1,1,1,1,1,1,1,1,1,1,0,0,0,0,1,1,1,1,1,1,
  1,1,1,1,1,1,1,1,1,1,0,0,0,0,1,1,1,1,1,1,
  1,1,1,1,1,1,1,1,1,0,0,0,0,1,1,1,1,1,1,1,
  1,1,1,1,1,1,1,1,1,0,0,0,0,1,1,1,1,1,1,1,
  1,1,1,1,1,1,1,1,0,0,0,0,1,1,1,1,1,1,1,1,
  1,1,1,1,1,1,1,1,0,0,0,0,1,1,1,1,1,1,1,1,
  1,1,1,1,1,1,1,0,0,0,0,1,1,1,1,1,1,1,1,1,
  1,1,1,1,1,1,1,0,0,0,0,1,1,1,1,1,1,1,1,1,
  1,1,1,1,1,1,0,0,0,0,1,1,1,1,1,1,1,1,1,1,
  1,1,1,1,1,1,0,0,0,0,1,1,1,1,1,1,1,1,1,1,
  1,1,1,1,1,0,0,0,0,1,1,1,1,1,1,1,1,1,1,1,
  1,1,1,1,1,0,0,0,0,1,1,1,1,1,1,1,1,1,1,1,
  1,1,1,1,0,0,0,0,1,1,1,1,1,1,1,1,1,1,1,1,
  1,1,1,1,0,0,0,0,1,1,1,1,1,1,1,1,1,1,1,1,
  1,1,1,0,0,0,0,1,1,1,1,1,1,1,1,1,1,1,1,1,
  1,1,1,0,0,0,0,1,1,1,1,1,1,1,1,1,1,1,1,1,
  1,1,0,0,0,0,1,1,1,1,1,1,1,1,1,1,1,1,1,1,
  1,1,0,0,0,0,1,1,1,1,1,1,1,1,1,1,1,1,1,1,
  1,0,0,0,0,1,1,1,1,1,1,1,1,1,1,1,1,1,1,1,
  1,0,0,0,0,1,1,1,1,1,1,1,1,1,1,1,1,1,1,1,
  0,0,0,0,1,1,1,1,1,1,1,1,1,1,1,1,1,1,1,1,
  0,0,0,0,1,1,1,1,1,1,1,1,1,1,1,1,1,1,1,1,
  0,0,0,1,1,1,1,1,1,1,1,1,1,1,1,1,1,1,1,0,
  0,0,0,1,1,1,1,1,1,1,1,1,1,1,1,1,1,1,1,0,
  0,0,1,1,1,1,1,1,1,1,1,1,1,1,1,1,1,1,0,0,
  0,0,1,1,1,1,1,1,1,1,1,1,1,1,1,1,1,1,0,0,
  0,1,1,1,1,1,1,1,1,1,1,1,1,1,1,1,1,0,0,0,
  0,1,1,1,1,1,1,1,1,1,1,1,1,1,1,1,1,0,0,0,
  1,1,1,1,1,1,1,1,1,1,1,1,1,1,1,1,0,0,0,0,
  1,1,1,1,1,1,1,1,1,1,1,1,1,1,1,1,0,0,0,0,
